Sp250/Sbg250: 65.94486093228333
Sp160/Sbg160: 40.952049300261145
Stot160: 40.44282853224071
Sp70: 37.88960541248193
Sconv250: 35.17581629649626
FWHMa160: 34.389465745393025
Sconv160: 33.264903928766344
Sconv350: 33.185114642495314
Sp160: 31.90667482804389
Sconv70: 30.208996647858807
Stot70: 29.09745303291398
Stot250: 28.471980466621467
Sp350/Sbg350: 28.459066084632337
Sp250: 27.861428906402796
Sp350: 26.252453236390885
Stot350: 23.55976720706161
Sp70/Sbg70: 22.697612437182865
NpH2/NbgH2: 22.249799506990612
Sp500: 22.03279468947206
SigniNH2: 21.219576715623536
Stot500: 19.811020619335775
NpH2: 15.489919985607992
NconvH2: 12.121179971134076
Sp500/Sbg500: 7.454694806377629
FWHMb500: 4.474881351226825
NbgH2: 4.375579857190354
FWHMb350: 3.3086429091231166
FWHMbNH2: 2.8318795574830204
FWHMa500: 2.6171782335162304
FWHMb250: 2.523664831113967
FWHMb160: 2.2411545170691856
FWHMa350: 2.2239155049128296
FWHMaNH2: 2.100042791576649
FWHMa250: 2.0640889051151428
FWHMb070: 1.9077590297980576
FWHMa70: 1.72708399796856
Coretype: 0.8361122218195266
PA160: 0.07548701963095457
PANH2: 0.008712961645991758
PA070: 0.006185059398971899
PA500: -0.028577596835466068
PA250: -0.051120280833931636
PA350: -0.06252275594231917
